Current system time is: 2021-01-11 01:24:11.076 (UTC+0060)
 ____                                        ____  _   _  ___
|  _ \ _ __ ___   __ _ _ __ __ _ _ __ ___   |  _ \| | | |/ _ \
| |_) | '__/ _ \ / _` | '__/ _` | '_ ` _ \  | | | | | | | | | |
|  __/| | | (_) | (_| | | | (_| | | | | | | | |_| | |_| | |_| |
|_|   |_|  \___/ \__, |_|  \__,_|_| |_| |_| |____/ \___/ \___/
                 |___/


Please refer to:
 Sergei N. Yurchenko, Lorenzo Lodi, Jonathan Tennyson and Andrey V. Stolyarov, 
 `DUO: A general program for calculating spectra of diatomic molecules',
  Computer Physics Communication, Volume 202, May 2016, pages 262-275
  Contacts: s.yurchenko@ucl.ac.uk; l.lodi@ucl.ac.uk; j.tennyson@ucl.ac.uk; 
            avstol@phys.chem.msu.ru
  http://arxiv.org/abs/1601.06531
  Check https://github.com/Trovemaster for the latest version!

Values of physical constants used by DUO:
                    Planck constant h =   6.626069570000E-27    erg*second
                     Speed of light c =     29979245800.0000     cm/second
                       Bohr radius a0 =      0.5291772109200     angstroms
                    Hartree energy Eh =    219474.6313708000         cm^-1
           Unified atomic mass unit u =   1.660538921000E-24         grams
           Unified atomic mass unit u =   1822.8884861185961            me
                    Electron charge e =   1.602176565000E-19      Coulombs
                Boltzmann constant kB =   1.380648800000E-16    erg/Kelvin
                Boltzmann constant kB =   0.6950347606422950  cm^-1/Kelvin
                    Avogadro constant =   6.022141290000E+23        mol^-1
      Fine structure constant 1/alpha =   137.03599907466793
                     Electron mass me =   9.109382903261E-28         grams
        Proton-to-electron mass ratio =   1836.1526734300000
                          Proton mass =      1.0072764666695             u
                  a.u. of dipole e*a0 =       2.541746363812        debyes
                          1 erg      =>   1.000000000000E-07         Joule
                          1 erg      =>   5.034117008194E+15         cm^-1
                          1 eV       =>      8065.5442959967         cm^-1
                          1 kCal/mol =>       349.7550878997         cm^-1
                          1 kJ/mol   =>        83.5934722514         cm^-1
                          1 THz      =>        33.3564095198         cm^-1

Atom #1 specified as: H-1
Information from the internal database:
Nuclide full name          = Hydrogen-1
Element name               = Hydrogen
Element symbol             = H
Nuclear charge Z           =     1
Atomic mass                =       1.007825032230 +/-  9.00E-11 Daltons
Nuclear mass               =       1.007276452321   (=atomic mass - Z*me)
Nuclear spin               =   0.5 hbar
Nuclear stability          = Stable nuclide
Natural isotopic abundance =    99.988500 %

Using the following mass m1 =            1.007276452321

Atom #2 specified as: H-1
Information from the internal database:
Nuclide full name          = Hydrogen-1
Element name               = Hydrogen
Element symbol             = H
Nuclear charge Z           =     1
Atomic mass                =       1.007825032230 +/-  9.00E-11 Daltons
Nuclear mass               =       1.007276452321   (=atomic mass - Z*me)
Nuclear spin               =   0.5 hbar
Nuclear stability          = Stable nuclide
Natural isotopic abundance =    99.988500 %

Using the following mass m2 =            1.007276452321

Reduced mass is     0.503638226160454         atomic mass units (Daltons)
Reduced mass is      918.076323637085         atomic units (electron masses)

Using a uniformly spaced grid with npoints =              40
rmin, rmax, step (in ang)   =          0.20000000000000         2.20000000000000         0.05128205128205
rmin, rmax, step (in bohrs) =          0.37794522491301         4.15739747404314         0.09690903202898

Generate a grid representation for all Hamiltonian terms
...done!


Potential functions:
     1                       H2 BO PEC  type =                 GRID
            r(Ang)                     1
        0.20000000        2.58756254E+05
        0.25128205        1.60241299E+05
        0.30256410        1.01341910E+05
        0.35384615        6.42505822E+04
        0.40512821        4.02000007E+04
        0.45641026        2.44040964E+04
        0.50769231        1.40511556E+04
        0.55897436        7.39638946E+03
        0.61025641        3.31028264E+03
        0.66153846        1.03664081E+03
        0.71282051        5.52241051E+01
        0.76410256        0.00000000E+00
        0.81538462        6.08568782E+02
        0.86666667        1.68983730E+03
        0.91794872        3.10277623E+03
        0.96923077        4.74212486E+03
        1.02051282        6.52857150E+03
        1.07179487        8.40188750E+03
        1.12307692        1.03160519E+04
        1.17435897        1.22357439E+04
        1.22564103        1.41337915E+04
        1.27692308        1.59892982E+04
        1.32820513        1.77862583E+04
        1.37948718        1.95125274E+04
        1.43076923        2.11590538E+04
        1.48205128        2.27193023E+04
        1.53333333        2.41888203E+04
        1.58461538        2.55649069E+04
        1.63589744        2.68463569E+04
        1.68717949        2.80332561E+04
        1.73846154        2.91268098E+04
        1.78974359        3.01291927E+04
        1.84102564        3.10434087E+04
        1.89230769        3.18731560E+04
        1.94358974        3.26226943E+04
        1.99487179        3.32967125E+04
        2.04615385        3.39002004E+04
        2.09743590        3.44383258E+04
        2.14871795        3.49163203E+04
        2.20000000        3.53393775E+04

Equilibrium properties
           imin =                     12
   r_imin / ang =           0.7641025641
V(r_imin) / cm-1 =      -257696.61455946
 Has a single min?                   Yes
 True r_e  / ang =          0.7641025641

Derivatives at true re
der0, cm-1       =    -257696.6145594644
der1, cm-1/ang   =       6114.6265870919
der2, cm-1/ang^2 =     250194.5460826225
der3, cm-1/ang^3 =   -1631645.5527276045
der4, cm-1/ang^4 =   10043127.1606676895

Harmonic we, cm-1=       4092.5389607944
  Rotat. B0, cm-1=         57.3290172406
Anharm. const. xe=          0.0314289116
 Coriol. ae, cm-1=          3.1851572347
  Centr. De, cm-1=          0.0449984793
        Y00, cm-1=          7.3871400238

Approximate J=0 vibrational energy levels (no couplings) 
 given by E(v, J=0) = V(re) + Y00 + we*(v+0.5) - we*xe*(v+0.5)^2
                 v
                 0       8136.1271962204
                 1      11971.4180666745
                 2      15549.4608467883
                 3      18870.2555365619

            Spin =                   0.0
        |Lambda| =                   0.0
  Physical J_min =                   0.0

Approximate J=J_min vibrational-rotational energy levels (no couplings)
 given by E(v, J) = E(v, J=0) B0*J*(J+1)- ae*(v+0.5)*J*(J+1) - De*[J(J+1)]^2
                 v
                 0       8136.1271962204
                 1      11971.4180666745
                 2      15549.4608467883
                 3      18870.2555365619


Rotational non-adiabatic (BOB) alpha(r) functions:
   1  H2 alpha(r)
        r(Ang)            1
        0.20000000        -0.00000581
        0.25128205        -0.00000879
        0.30256410        -0.00001224
        0.35384615        -0.00001613
        0.40512821        -0.00002045
        0.45641026        -0.00002518
        0.50769231        -0.00003033
        0.55897436        -0.00003590
        0.61025641        -0.00004191
        0.66153846        -0.00004836
        0.71282051        -0.00005527
        0.76410256        -0.00006268
        0.81538462        -0.00007059
        0.86666667        -0.00007904
        0.91794872        -0.00008805
        0.96923077        -0.00009764
        1.02051282        -0.00010784
        1.07179487        -0.00011867
        1.12307692        -0.00013016
        1.17435897        -0.00014231
        1.22564103        -0.00015513
        1.27692308        -0.00016862
        1.32820513        -0.00018277
        1.37948718        -0.00019755
        1.43076923        -0.00021291
        1.48205128        -0.00022881
        1.53333333        -0.00024517
        1.58461538        -0.00026188
        1.63589744        -0.00027886
        1.68717949        -0.00029596
        1.73846154        -0.00031307
        1.78974359        -0.00033004
        1.84102564        -0.00034672
        1.89230769        -0.00036299
        1.94358974        -0.00037872
        1.99487179        -0.00039378
        2.04615385        -0.00040810
        2.09743590        -0.00042158
        2.14871795        -0.00043419
        2.20000000        -0.00044589

Adiabatic and diabatic functions:
   1  H2 BODC PEC
        r(Ang)            1
        0.20000000         0.00000000
        0.25128205         0.00000000
        0.30256410         0.00000000
        0.35384615         0.00000000
        0.40512821         0.00000000
        0.45641026         0.00000000
        0.50769231         0.00000000
        0.55897436         0.00000000
        0.61025641         0.00000000
        0.66153846         0.00000000
        0.71282051         0.00000000
        0.76410256         0.00000000
        0.81538462         0.00000000
        0.86666667         0.00000000
        0.91794872         0.00000000
        0.96923077         0.00000000
        1.02051282         0.00000000
        1.07179487         0.00000000
        1.12307692         0.00000000
        1.17435897         0.00000000
        1.22564103         0.00000000
        1.27692308         0.00000000
        1.32820513         0.00000000
        1.37948718         0.00000000
        1.43076923         0.00000000
        1.48205128         0.00000000
        1.53333333         0.00000000
        1.58461538         0.00000000
        1.63589744         0.00000000
        1.68717949         0.00000000
        1.73846154         0.00000000
        1.78974359         0.00000000
        1.84102564         0.00000000
        1.89230769         0.00000000
        1.94358974         0.00000000
        1.99487179         0.00000000
        2.04615385         0.00000000
        2.09743590         0.00000000
        2.14871795         0.00000000
        2.20000000         0.00000000

Vibrational non-adiabatic (BOB) beta(r) functions:
   1  H2 beta(r)
        r(Ang)            1
        0.20000000        -0.00030247
        0.25128205        -0.00034094
        0.30256410        -0.00036617
        0.35384615        -0.00038272
        0.40512821        -0.00039351
        0.45641026        -0.00040058
        0.50769231        -0.00040531
        0.55897436        -0.00040868
        0.61025641        -0.00041138
        0.66153846        -0.00041395
        0.71282051        -0.00041679
        0.76410256        -0.00042024
        0.81538462        -0.00042461
        0.86666667        -0.00043017
        0.91794872        -0.00043717
        0.96923077        -0.00044586
        1.02051282        -0.00045647
        1.07179487        -0.00046923
        1.12307692        -0.00048434
        1.17435897        -0.00050197
        1.22564103        -0.00052223
        1.27692308        -0.00054517
        1.32820513        -0.00057072
        1.37948718        -0.00059870
        1.43076923        -0.00062879
        1.48205128        -0.00066049
        1.53333333        -0.00069313
        1.58461538        -0.00072591
        1.63589744        -0.00075789
        1.68717949        -0.00078805
        1.73846154        -0.00081540
        1.78974359        -0.00083899
        1.84102564        -0.00085805
        1.89230769        -0.00087202
        1.94358974        -0.00088059
        1.99487179        -0.00088376
        2.04615385        -0.00088176
        2.09743590        -0.00087507
        2.14871795        -0.00086432
        2.20000000        -0.00085026
 amass, aston =   0.50363822616045395        16.857629194157678     
 scale, h12, sc =    2.9875981987728090E-002   3.1558185404339259E-002   9.4283177870542315E-004

Construct the J=0 matrix
Solving one-dimentional Schrodinger equations using : SINC
  283.43010  -23.99228    5.99799   -2.66575    1.49948   -0.95966    0.66643   -0.48962    0.37487   -0.29619    0.23991   -0.19828    0.16661   -0.14196    0.12240   -0.10663    0.09371   -0.08301    0.07404   -0.06646    0.05998   -0.05440    0.04957   -0.04535    0.04165   -0.03838    0.03549   -0.03290    0.03060   -0.02852    0.02665   -0.02496    0.02342   -0.02203    0.02075   -0.01958    0.01851   -0.01752    0.01661   -0.01577
  -23.99228  190.54555  -23.99151    5.99783   -2.66569    1.49944   -0.95964    0.66642   -0.48961    0.37486   -0.29618    0.23991   -0.19827    0.16660   -0.14196    0.12240   -0.10662    0.09371   -0.08301    0.07404   -0.06645    0.05997   -0.05440    0.04956   -0.04535    0.04165   -0.03838    0.03548   -0.03290    0.03059   -0.02852    0.02665   -0.02496    0.02342   -0.02203    0.02075   -0.01958    0.01851   -0.01752    0.01661
    5.99799  -23.99151  135.01234  -23.99101    5.99772   -2.66564    1.49942   -0.95963    0.66641   -0.48960    0.37485   -0.29618    0.23991   -0.19827    0.16660   -0.14195    0.12240   -0.10662    0.09371   -0.08301    0.07404   -0.06645    0.05997   -0.05440    0.04956   -0.04535    0.04164   -0.03838    0.03548   -0.03290    0.03059   -0.02852    0.02665   -0.02496    0.02342   -0.02202    0.02075   -0.01958    0.01851   -0.01752
   -2.66575    5.99783  -23.99101  100.04080  -23.99069    5.99765   -2.66562    1.49941   -0.95962    0.66640   -0.48960    0.37485   -0.29618    0.23990   -0.19827    0.16660   -0.14195    0.12240   -0.10662    0.09371   -0.08301    0.07404   -0.06645    0.05997   -0.05439    0.04956   -0.04534    0.04164   -0.03838    0.03548   -0.03290    0.03059   -0.02852    0.02665   -0.02496    0.02342   -0.02202    0.02075   -0.01958    0.01851
    1.49948   -2.66569    5.99772  -23.99069   77.36472  -23.99047    5.99760   -2.66560    1.49940   -0.95961    0.66640   -0.48960    0.37485   -0.29617    0.23990   -0.19826    0.16660   -0.14195    0.12240   -0.10662    0.09371   -0.08301    0.07404   -0.06645    0.05997   -0.05439    0.04956   -0.04534    0.04164   -0.03838    0.03548   -0.03290    0.03059   -0.02852    0.02665   -0.02496    0.02342   -0.02202    0.02075   -0.01958
   -0.95966    1.49944   -2.66564    5.99765  -23.99047   62.47156  -23.99033    5.99757   -2.66558    1.49939   -0.95961    0.66639   -0.48959    0.37484   -0.29617    0.23990   -0.19826    0.16659   -0.14195    0.12239   -0.10662    0.09371   -0.08300    0.07404   -0.06645    0.05997   -0.05439    0.04956   -0.04534    0.04164   -0.03838    0.03548   -0.03290    0.03059   -0.02852    0.02665   -0.02496    0.02342   -0.02202    0.02075
    0.66643   -0.95964    1.49942   -2.66562    5.99760  -23.99033   52.71029  -23.99023    5.99755   -2.66557    1.49938   -0.95960    0.66639   -0.48959    0.37484   -0.29617    0.23990   -0.19826    0.16659   -0.14195    0.12239   -0.10662    0.09370   -0.08300    0.07404   -0.06645    0.05997   -0.05439    0.04956   -0.04534    0.04164   -0.03838    0.03548   -0.03290    0.03059   -0.02852    0.02665   -0.02496    0.02342   -0.02202
   -0.48962    0.66642   -0.95963    1.49941   -2.66560    5.99757  -23.99023   46.43583  -23.99016    5.99753   -2.66557    1.49938   -0.95960    0.66639   -0.48959    0.37484   -0.29617    0.23989   -0.19826    0.16659   -0.14195    0.12239   -0.10661    0.09370   -0.08300    0.07403   -0.06645    0.05997   -0.05439    0.04956   -0.04534    0.04164   -0.03838    0.03548   -0.03290    0.03059   -0.02852    0.02665   -0.02496    0.02342
    0.37487   -0.48961    0.66641   -0.95962    1.49940   -2.66558    5.99755  -23.99016   42.58322  -23.99010    5.99752   -2.66556    1.49937   -0.95960    0.66638   -0.48959    0.37484   -0.29617    0.23989   -0.19826    0.16659   -0.14194    0.12239   -0.10661    0.09370   -0.08300    0.07403   -0.06644    0.05996   -0.05439    0.04956   -0.04534    0.04164   -0.03838    0.03548   -0.03290    0.03059   -0.02852    0.02665   -0.02496
   -0.29619    0.37486   -0.48960    0.66640   -0.95961    1.49939   -2.66557    5.99753  -23.99010   40.43945  -23.99003    5.99750   -2.66555    1.49937   -0.95959    0.66638   -0.48958    0.37483   -0.29616    0.23989   -0.19825    0.16659   -0.14194    0.12239   -0.10661    0.09370   -0.08300    0.07403   -0.06644    0.05996   -0.05439    0.04956   -0.04534    0.04164   -0.03838    0.03548   -0.03290    0.03059   -0.02852    0.02665
    0.23991   -0.29618    0.37485   -0.48960    0.66640   -0.95961    1.49938   -2.66557    5.99752  -23.99003   39.51403  -23.98996    5.99748   -2.66554    1.49936   -0.95959    0.66638   -0.48958    0.37483   -0.29616    0.23989   -0.19825    0.16658   -0.14194    0.12238   -0.10661    0.09370   -0.08300    0.07403   -0.06644    0.05996   -0.05439    0.04956   -0.04534    0.04164   -0.03838    0.03548   -0.03290    0.03059   -0.02852
   -0.19828    0.23991   -0.29618    0.37485   -0.48960    0.66639   -0.95960    1.49938   -2.66556    5.99750  -23.98996   39.46183  -23.98986    5.99745   -2.66552    1.49935   -0.95958    0.66637   -0.48957    0.37483   -0.29616    0.23988   -0.19825    0.16658   -0.14194    0.12238   -0.10661    0.09370   -0.08300    0.07403   -0.06644    0.05996   -0.05439    0.04955   -0.04534    0.04164   -0.03838    0.03548   -0.03290    0.03059
    0.16661   -0.19827    0.23991   -0.29618    0.37485   -0.48959    0.66639   -0.95960    1.49937   -2.66555    5.99748  -23.98986   40.03543  -23.98974    5.99741   -2.66551    1.49934   -0.95957    0.66636   -0.48957    0.37482   -0.29615    0.23988   -0.19825    0.16658   -0.14193    0.12238   -0.10661    0.09369   -0.08299    0.07403   -0.06644    0.05996   -0.05439    0.04955   -0.04534    0.04164   -0.03838    0.03548   -0.03290
   -0.14196    0.16660   -0.19827    0.23990   -0.29617    0.37484   -0.48959    0.66639   -0.95960    1.49937   -2.66554    5.99745  -23.98974   41.05467  -23.98959    5.99737   -2.66548    1.49933   -0.95956    0.66636   -0.48956    0.37482   -0.29615    0.23988   -0.19824    0.16658   -0.14193    0.12238   -0.10660    0.09369   -0.08299    0.07403   -0.06644    0.05996   -0.05439    0.04955   -0.04534    0.04164   -0.03838    0.03548
    0.12240   -0.14196    0.16660   -0.19827    0.23990   -0.29617    0.37484   -0.48959    0.66638   -0.95959    1.49936   -2.66552    5.99741  -23.98959   42.38655  -23.98940    5.99732   -2.66546    1.49931   -0.95955    0.66635   -0.48956    0.37481   -0.29614    0.23987   -0.19824    0.16657   -0.14193    0.12238   -0.10660    0.09369   -0.08299    0.07403   -0.06644    0.05996   -0.05439    0.04955   -0.04534    0.04164   -0.03838
   -0.10663    0.12240   -0.14195    0.16660   -0.19826    0.23990   -0.29617    0.37484   -0.48959    0.66638   -0.95959    1.49935   -2.66551    5.99737  -23.98940   43.93184  -23.98917    5.99725   -2.66543    1.49929   -0.95954    0.66634   -0.48955    0.37480   -0.29614    0.23987   -0.19823    0.16657   -0.14193    0.12237   -0.10660    0.09369   -0.08299    0.07403   -0.06644    0.05996   -0.05439    0.04955   -0.04534    0.04164
    0.09371   -0.10662    0.12240   -0.14195    0.16660   -0.19826    0.23990   -0.29617    0.37484   -0.48958    0.66638   -0.95958    1.49934   -2.66548    5.99732  -23.98917   45.61574  -23.98889    5.99718   -2.66539    1.49927   -0.95952    0.66632   -0.48954    0.37480   -0.29613    0.23986   -0.19823    0.16657   -0.14192    0.12237   -0.10660    0.09369   -0.08299    0.07402   -0.06644    0.05996   -0.05439    0.04955   -0.04534
   -0.08301    0.09371   -0.10662    0.12240   -0.14195    0.16659   -0.19826    0.23989   -0.29617    0.37483   -0.48958    0.66637   -0.95957    1.49933   -2.66546    5.99725  -23.98889   47.38146  -23.98856    5.99709   -2.66534    1.49924   -0.95950    0.66631   -0.48953    0.37479   -0.29612    0.23986   -0.19823    0.16656   -0.14192    0.12237   -0.10660    0.09369   -0.08299    0.07402   -0.06644    0.05996   -0.05439    0.04955
    0.07404   -0.08301    0.09371   -0.10662    0.12240   -0.14195    0.16659   -0.19826    0.23989   -0.29616    0.37483   -0.48957    0.66636   -0.95956    1.49931   -2.66543    5.99718  -23.98856   49.18560  -23.98816    5.99698   -2.66529    1.49921   -0.95948    0.66630   -0.48952    0.37478   -0.29612    0.23985   -0.19822    0.16656   -0.14192    0.12237   -0.10659    0.09369   -0.08299    0.07402   -0.06644    0.05996   -0.05439
   -0.06646    0.07404   -0.08301    0.09371   -0.10662    0.12239   -0.14195    0.16659   -0.19826    0.23989   -0.29616    0.37483   -0.48957    0.66636   -0.95955    1.49929   -2.66539    5.99709  -23.98816   50.99485  -23.98771    5.99686   -2.66524    1.49917   -0.95946    0.66628   -0.48950    0.37477   -0.29611    0.23985   -0.19822    0.16655   -0.14192    0.12236   -0.10659    0.09369   -0.08299    0.07402   -0.06644    0.05996
    0.05998   -0.06645    0.07404   -0.08301    0.09371   -0.10662    0.12239   -0.14195    0.16659   -0.19825    0.23989   -0.29616    0.37482   -0.48956    0.66635   -0.95954    1.49927   -2.66534    5.99698  -23.98771   52.78359  -23.98719    5.99672   -2.66517    1.49914   -0.95943    0.66626   -0.48949    0.37476   -0.29610    0.23984   -0.19821    0.16655   -0.14191    0.12236   -0.10659    0.09368   -0.08299    0.07402   -0.06644
   -0.05440    0.05997   -0.06645    0.07404   -0.08301    0.09371   -0.10662    0.12239   -0.14194    0.16659   -0.19825    0.23988   -0.29615    0.37482   -0.48956    0.66634   -0.95952    1.49924   -2.66529    5.99686  -23.98719   54.53211  -23.98661    5.99657   -2.66510    1.49910   -0.95941    0.66624   -0.48948    0.37475   -0.29609    0.23983   -0.19821    0.16655   -0.14191    0.12236   -0.10659    0.09368   -0.08299    0.07402
    0.04957   -0.05440    0.05997   -0.06645    0.07404   -0.08300    0.09370   -0.10661    0.12239   -0.14194    0.16658   -0.19825    0.23988   -0.29615    0.37481   -0.48955    0.66632   -0.95950    1.49921   -2.66524    5.99672  -23.98661   56.22534  -23.98597    5.99640   -2.66503    1.49905   -0.95938    0.66622   -0.48946    0.37474   -0.29609    0.23983   -0.19820    0.16655   -0.14191    0.12236   -0.10659    0.09368   -0.08299
   -0.04535    0.04956   -0.05440    0.05997   -0.06645    0.07404   -0.08300    0.09370   -0.10661    0.12239   -0.14194    0.16658   -0.19825    0.23988   -0.29614    0.37480   -0.48954    0.66631   -0.95948    1.49917   -2.66517    5.99657  -23.98597   57.85181  -23.98527    5.99622   -2.66494    1.49901   -0.95935    0.66620   -0.48945    0.37473   -0.29608    0.23982   -0.19820    0.16654   -0.14191    0.12236   -0.10659    0.09368
    0.04165   -0.04535    0.04956   -0.05439    0.05997   -0.06645    0.07404   -0.08300    0.09370   -0.10661    0.12238   -0.14194    0.16658   -0.19824    0.23987   -0.29614    0.37480   -0.48953    0.66630   -0.95946    1.49914   -2.66510    5.99640  -23.98527   59.40302  -23.98453    5.99603   -2.66486    1.49896   -0.95932    0.66619   -0.48944    0.37472   -0.29607    0.23982   -0.19820    0.16654   -0.14191    0.12236   -0.10659
   -0.03838    0.04165   -0.04535    0.04956   -0.05439    0.05997   -0.06645    0.07403   -0.08300    0.09370   -0.10661    0.12238   -0.14193    0.16658   -0.19824    0.23987   -0.29613    0.37479   -0.48952    0.66628   -0.95943    1.49910   -2.66503    5.99622  -23.98453   60.87282  -23.98376    5.99584   -2.66478    1.49891   -0.95929    0.66617   -0.48942    0.37471   -0.29607    0.23981   -0.19819    0.16654   -0.14190    0.12236
    0.03549   -0.03838    0.04164   -0.04534    0.04956   -0.05439    0.05997   -0.06645    0.07403   -0.08300    0.09370   -0.10661    0.12238   -0.14193    0.16657   -0.19823    0.23986   -0.29612    0.37478   -0.48950    0.66626   -0.95941    1.49905   -2.66494    5.99603  -23.98376   62.25704  -23.98297    5.99565   -2.66469    1.49887   -0.95926    0.66615   -0.48941    0.37470   -0.29606    0.23981   -0.19819    0.16654   -0.14190
   -0.03290    0.03548   -0.03838    0.04164   -0.04534    0.04956   -0.05439    0.05997   -0.06644    0.07403   -0.08300    0.09370   -0.10661    0.12238   -0.14193    0.16657   -0.19823    0.23986   -0.29612    0.37477   -0.48949    0.66624   -0.95938    1.49901   -2.66486    5.99584  -23.98297   63.55317  -23.98219    5.99546   -2.66461    1.49883   -0.95924    0.66613   -0.48940    0.37470   -0.29606    0.23981   -0.19819    0.16654
    0.03060   -0.03290    0.03548   -0.03838    0.04164   -0.04534    0.04956   -0.05439    0.05996   -0.06644    0.07403   -0.08300    0.09369   -0.10660    0.12238   -0.14193    0.16657   -0.19823    0.23985   -0.29611    0.37476   -0.48948    0.66622   -0.95935    1.49896   -2.66478    5.99565  -23.98219   64.76010  -23.98145    5.99528   -2.66454    1.49879   -0.95922    0.66612   -0.48939    0.37469   -0.29605    0.23981   -0.19819
   -0.02852    0.03059   -0.03290    0.03548   -0.03838    0.04164   -0.04534    0.04956   -0.05439    0.05996   -0.06644    0.07403   -0.08299    0.09369   -0.10660    0.12237   -0.14192    0.16656   -0.19822    0.23985   -0.29610    0.37475   -0.48946    0.66620   -0.95932    1.49891   -2.66469    5.99546  -23.98145   65.87795  -23.98076    5.99512   -2.66447    1.49875   -0.95920    0.66611   -0.48939    0.37469   -0.29605    0.23980
    0.02665   -0.02852    0.03059   -0.03290    0.03548   -0.03838    0.04164   -0.04534    0.04956   -0.05439    0.05996   -0.06644    0.07403   -0.08299    0.09369   -0.10660    0.12237   -0.14192    0.16656   -0.19822    0.23984   -0.29609    0.37474   -0.48945    0.66619   -0.95929    1.49887   -2.66461    5.99528  -23.98076   66.90791  -23.98015    5.99498   -2.66442    1.49873   -0.95918    0.66610   -0.48938    0.37469   -0.29605
   -0.02496    0.02665   -0.02852    0.03059   -0.03290    0.03548   -0.03838    0.04164   -0.04534    0.04956   -0.05439    0.05996   -0.06644    0.07403   -0.08299    0.09369   -0.10660    0.12237   -0.14192    0.16655   -0.19821    0.23983   -0.29609    0.37473   -0.48944    0.66617   -0.95926    1.49883   -2.66454    5.99512  -23.98015   67.85206  -23.97964    5.99487   -2.66437    1.49871   -0.95917    0.66610   -0.48938    0.37468
    0.02342   -0.02496    0.02665   -0.02852    0.03059   -0.03290    0.03548   -0.03838    0.04164   -0.04534    0.04956   -0.05439    0.05996   -0.06644    0.07403   -0.08299    0.09369   -0.10660    0.12237   -0.14192    0.16655   -0.19821    0.23983   -0.29608    0.37472   -0.48942    0.66615   -0.95924    1.49879   -2.66447    5.99498  -23.97964   68.71326  -23.97924    5.99478   -2.66434    1.49870   -0.95917    0.66609   -0.48938
   -0.02203    0.02342   -0.02496    0.02665   -0.02852    0.03059   -0.03290    0.03548   -0.03838    0.04164   -0.04534    0.04955   -0.05439    0.05996   -0.06644    0.07403   -0.08299    0.09369   -0.10659    0.12236   -0.14191    0.16655   -0.19820    0.23982   -0.29607    0.37471   -0.48941    0.66613   -0.95922    1.49875   -2.66442    5.99487  -23.97924   69.49502  -23.97897    5.99473   -2.66433    1.49869   -0.95917    0.66609
    0.02075   -0.02203    0.02342   -0.02496    0.02665   -0.02852    0.03059   -0.03290    0.03548   -0.03838    0.04164   -0.04534    0.04955   -0.05439    0.05996   -0.06644    0.07402   -0.08299    0.09369   -0.10659    0.12236   -0.14191    0.16655   -0.19820    0.23982   -0.29607    0.37470   -0.48940    0.66612   -0.95920    1.49873   -2.66437    5.99478  -23.97897   70.20137  -23.97883    5.99471   -2.66433    1.49869   -0.95917
   -0.01958    0.02075   -0.02202    0.02342   -0.02496    0.02665   -0.02852    0.03059   -0.03290    0.03548   -0.03838    0.04164   -0.04534    0.04955   -0.05439    0.05996   -0.06644    0.07402   -0.08299    0.09369   -0.10659    0.12236   -0.14191    0.16654   -0.19820    0.23981   -0.29606    0.37470   -0.48939    0.66611   -0.95918    1.49871   -2.66434    5.99473  -23.97883   70.83673  -23.97881    5.99472   -2.66434    1.49870
    0.01851   -0.01958    0.02075   -0.02202    0.02342   -0.02496    0.02665   -0.02852    0.03059   -0.03290    0.03548   -0.03838    0.04164   -0.04534    0.04955   -0.05439    0.05996   -0.06644    0.07402   -0.08299    0.09368   -0.10659    0.12236   -0.14191    0.16654   -0.19819    0.23981   -0.29606    0.37469   -0.48939    0.66610   -0.95917    1.49870   -2.66433    5.99471  -23.97881   71.40579  -23.97892    5.99476   -2.66436
   -0.01752    0.01851   -0.01958    0.02075   -0.02202    0.02342   -0.02496    0.02665   -0.02852    0.03059   -0.03290    0.03548   -0.03838    0.04164   -0.04534    0.04955   -0.05439    0.05996   -0.06644    0.07402   -0.08299    0.09368   -0.10659    0.12236   -0.14191    0.16654   -0.19819    0.23981   -0.29605    0.37469   -0.48938    0.66610   -0.95917    1.49869   -2.66433    5.99472  -23.97892   71.91342  -23.97913    5.99482
    0.01661   -0.01752    0.01851   -0.01958    0.02075   -0.02202    0.02342   -0.02496    0.02665   -0.02852    0.03059   -0.03290    0.03548   -0.03838    0.04164   -0.04534    0.04955   -0.05439    0.05996   -0.06644    0.07402   -0.08299    0.09368   -0.10659    0.12236   -0.14190    0.16654   -0.19819    0.23981   -0.29605    0.37469   -0.48938    0.66609   -0.95917    1.49869   -2.66434    5.99476  -23.97913   72.36451  -23.97942
   -0.01577    0.01661   -0.01752    0.01851   -0.01958    0.02075   -0.02202    0.02342   -0.02496    0.02665   -0.02852    0.03059   -0.03290    0.03548   -0.03838    0.04164   -0.04534    0.04955   -0.05439    0.05996   -0.06644    0.07402   -0.08299    0.09368   -0.10659    0.12236   -0.14190    0.16654   -0.19819    0.23980   -0.29605    0.37468   -0.48938    0.66609   -0.95917    1.49870   -2.66436    5.99482  -23.97942   72.76394

Vibrational (contracted) energies: 
    i        Energy/cm    State v

    1          0.000000 [    1   0 ] H2 BO PEC
    2       4162.568758 [    1   1 ] H2 BO PEC
    3       8089.568983 [    1   2 ] H2 BO PEC
    4      11785.874240 [    1   3 ] H2 BO PEC
    5      15254.509249 [    1   4 ] H2 BO PEC
    6      18496.465276 [    1   5 ] H2 BO PEC
    7      21510.427868 [    1   6 ] H2 BO PEC
    8      24292.388687 [    1   7 ] H2 BO PEC
    9      26835.107225 [    1   8 ] H2 BO PEC
   10      29127.788078 [    1   9 ] H2 BO PEC
   11      31166.076719 [    1  10 ] H2 BO PEC
   12      33035.386286 [    1  11 ] H2 BO PEC
   13      34987.400782 [    1  12 ] H2 BO PEC
   14      37189.141986 [    1  13 ] H2 BO PEC
   15      39643.812906 [    1  14 ] H2 BO PEC
   16      42323.713688 [    1  15 ] H2 BO PEC
   17      45208.256139 [    1  16 ] H2 BO PEC
   18      48283.359601 [    1  17 ] H2 BO PEC
   19      51538.921340 [    1  18 ] H2 BO PEC
   20      54967.351511 [    1  19 ] H2 BO PEC
   21      58562.696679 [    1  20 ] H2 BO PEC
   22      62320.196702 [    1  21 ] H2 BO PEC
   23      66235.862596 [    1  22 ] H2 BO PEC
   24      70306.338755 [    1  23 ] H2 BO PEC
   25      74528.789853 [    1  24 ] H2 BO PEC
   26      78900.759315 [    1  25 ] H2 BO PEC
   27      83422.780463 [    1  26 ] H2 BO PEC
   28      88093.908396 [    1  27 ] H2 BO PEC
   29      92904.146101 [    1  28 ] H2 BO PEC
   30      97797.467009 [    1  29 ] H2 BO PEC
   31     102767.017697 [    1  30 ] H2 BO PEC
   32     108167.745971 [    1  31 ] H2 BO PEC
   33     114222.315029 [    1  32 ] H2 BO PEC
   34     118630.849185 [    1  33 ] H2 BO PEC
   35     123140.962128 [    1  34 ] H2 BO PEC
   36     131827.261229 [    1  35 ] H2 BO PEC
   37     144361.744025 [    1  36 ] H2 BO PEC
   38     149516.769028 [    1  37 ] H2 BO PEC
   39     205311.172453 [    1  38 ] H2 BO PEC
   40     305920.887868 [    1  39 ] H2 BO PEC

j =       0.0

Define the quanta book-keeping
The total number sigma/lambda states (size of the sigma-lambda submatrix) = 1

Sigma-Lambda basis set:
     i     jrot  state   spin    sigma lambda   omega
     1      0.0    1      0.0      0.0    0      0.0   H2 BO PEC
...done!

Contracted basis set:
     i     jrot ilevel ivib state v     spin    sigma lambda   omega   Name
     1      0.0    1    1    1    0      0.0      0.0    0      0.0   H2 BO PEC
     2      0.0    1    2    1    1      0.0      0.0    0      0.0   H2 BO PEC
     3      0.0    1    3    1    2      0.0      0.0    0      0.0   H2 BO PEC
     4      0.0    1    4    1    3      0.0      0.0    0      0.0   H2 BO PEC
     5      0.0    1    5    1    4      0.0      0.0    0      0.0   H2 BO PEC
     6      0.0    1    6    1    5      0.0      0.0    0      0.0   H2 BO PEC
     7      0.0    1    7    1    6      0.0      0.0    0      0.0   H2 BO PEC
     8      0.0    1    8    1    7      0.0      0.0    0      0.0   H2 BO PEC
     9      0.0    1    9    1    8      0.0      0.0    0      0.0   H2 BO PEC
    10      0.0    1   10    1    9      0.0      0.0    0      0.0   H2 BO PEC
    11      0.0    1   11    1   10      0.0      0.0    0      0.0   H2 BO PEC
    12      0.0    1   12    1   11      0.0      0.0    0      0.0   H2 BO PEC
    13      0.0    1   13    1   12      0.0      0.0    0      0.0   H2 BO PEC
    14      0.0    1   14    1   13      0.0      0.0    0      0.0   H2 BO PEC
    15      0.0    1   15    1   14      0.0      0.0    0      0.0   H2 BO PEC
    16      0.0    1   16    1   15      0.0      0.0    0      0.0   H2 BO PEC
    17      0.0    1   17    1   16      0.0      0.0    0      0.0   H2 BO PEC
    18      0.0    1   18    1   17      0.0      0.0    0      0.0   H2 BO PEC
    19      0.0    1   19    1   18      0.0      0.0    0      0.0   H2 BO PEC
    20      0.0    1   20    1   19      0.0      0.0    0      0.0   H2 BO PEC
    21      0.0    1   21    1   20      0.0      0.0    0      0.0   H2 BO PEC
    22      0.0    1   22    1   21      0.0      0.0    0      0.0   H2 BO PEC
    23      0.0    1   23    1   22      0.0      0.0    0      0.0   H2 BO PEC
    24      0.0    1   24    1   23      0.0      0.0    0      0.0   H2 BO PEC
    25      0.0    1   25    1   24      0.0      0.0    0      0.0   H2 BO PEC
    26      0.0    1   26    1   25      0.0      0.0    0      0.0   H2 BO PEC
    27      0.0    1   27    1   26      0.0      0.0    0      0.0   H2 BO PEC
    28      0.0    1   28    1   27      0.0      0.0    0      0.0   H2 BO PEC
    29      0.0    1   29    1   28      0.0      0.0    0      0.0   H2 BO PEC
    30      0.0    1   30    1   29      0.0      0.0    0      0.0   H2 BO PEC
    31      0.0    1   31    1   30      0.0      0.0    0      0.0   H2 BO PEC
    32      0.0    1   32    1   31      0.0      0.0    0      0.0   H2 BO PEC
    33      0.0    1   33    1   32      0.0      0.0    0      0.0   H2 BO PEC
    34      0.0    1   34    1   33      0.0      0.0    0      0.0   H2 BO PEC
    35      0.0    1   35    1   34      0.0      0.0    0      0.0   H2 BO PEC
    36      0.0    1   36    1   35      0.0      0.0    0      0.0   H2 BO PEC
    37      0.0    1   37    1   36      0.0      0.0    0      0.0   H2 BO PEC
    38      0.0    1   38    1   37      0.0      0.0    0      0.0   H2 BO PEC
    39      0.0    1   39    1   38      0.0      0.0    0      0.0   H2 BO PEC
    40      0.0    1   40    1   39      0.0      0.0    0      0.0   H2 BO PEC


 Memory Report:
 Active Arrays                                          size (MB)
 GRID                       0.245                                                
 contrfunc                  0.013                                                
 brot                       0.013                                                
 H2 BO PEC                  0.013                                                
 H2 alpha(r)                0.013                                                
 H2 BODC PEC                0.026                                                
 BROT                       0.013                                                
 hmat                       0.013                                                
 Total memory   =                                           0.351 MB
 Maximal memory =                                           0.351 MB (             4.0)

 (       13 arrays contributing less than 1% are not shown)


Construct the hamiltonian matrix
...done!

Non-zero matrix elements of the coupled Sigma-Lambda matrix:
Threshold for printing is   2.22E-16 cm^-1
RV == Rotational-vibrational
SO == Spin-Orbit interaction
SS == Spin-Spin interaction
JS == J.S interaction (aka S-uncoupling)
LS == L.J interaction (aka L-uncoupling)
LS == L.S interaction (spin-electronic)
RV=     308029.828;
 


Eigenvalues for J =      0.0

       J      i        Energy/cm  State   v  lambda spin   sigma   omega  parity
       0.0    1          0.000000   1     0   0     0.0     0.0     0.0   +    ||H2 BO PEC
       0.0    2       4162.568758   1     1   0     0.0     0.0     0.0   +    ||H2 BO PEC
       0.0    3       8089.568983   1     2   0     0.0     0.0     0.0   +    ||H2 BO PEC
       0.0    4      11785.874240   1     3   0     0.0     0.0     0.0   +    ||H2 BO PEC
       0.0    5      15254.509249   1     4   0     0.0     0.0     0.0   +    ||H2 BO PEC

Zero point energy (ZPE) =    2108.939649937417


 Memory Report:
 Active Arrays                                          size (MB)
 GRID                       0.245                                                
 brot                       0.013                                                
 H2 BO PEC                  0.013                                                
 H2 alpha(r)                0.013                                                
 H2 BODC PEC                0.026                                                
 BROT                       0.013                                                
 Total memory   =                                           0.325 MB
 Maximal memory =                                           0.379 MB (             4.0)

 (       23 arrays contributing less than 1% are not shown)


              Timing data at 2021/01/11 01:24:11

 Timer                               Calls  Total time (seconds)  Self time (seconds)
 -----                               -----  --------------------  -------------------
                                                 Real       CPU        Real       CPU

 Duo                                    1.        0.3       0.2         0.3       0.2
 Map on grid                            1.        0.0       0.0         0.0       0.0
 Solve vibrational part                 1.        0.0       0.0         0.0       0.0
 Build vibrational Hamiltonian          1.        0.0       0.0         0.0       0.0

 (  6 timers contributing less than 1% are not shown)

